Title,Link,Date,Source,Summary,Term,LanguageQueried
"उत्तराखंड में मॉनसून का कहर जारी, आज इन पांच जिलों में भारी बारिश का अलर्ट - Hindustan",https://news.google.com/rss/articles/CBMi0wFBVV95cUxQZ2NQNmE4TlprU1FtaFI4T2RnUlZmYWlzSXYxZk5Xb0JqWk5XUkhTZWowS0dVdG5jM1hUR3ZLMHlWa25SSzhqbFkwOTBMdmx0WDItVkZRcGtYcm9VZVhFeEZVdGMyNVlmeEJ5d19IcWt5Rzk1RURsTkg5TjBOQTltNnhRRkgwWFd0TXdaeGJ4bUZfX2pKQ3N1LTNMdUZ0YnFSUjdibGgwV0JsQ1RUb3lNaE00dzM5UGpCTFlicHY5dzV4bGd2SmgtSmY0bnBnOGN5T09n0gHTAUFVX3lxTFBnY1A2YThOWmtTUW1oUjhPZGdSVmZhaXNJdjFmTldvQmpaTldSSFNlajBLR1V0bmMzWFRHdksweVZrblJLOGpsWTA5MEx2bHRYMi1WRlFwa1hyb1VlWEV4RlV0YzI1WWZ4Qnl3X0hxa3lHOTVFRGxOSDlOME5BOW02eFFGSDBYV3RNd1p4YnhtRl9fakpDc3UtM0x1RnRicVJSN2JsaDBXQmxDVFRveU1oTTR3MzlQakJMWWJwdjl3NXhsZ3ZKaC1KZjRucGc4Y3lPT2c?oc=5,2025-07-17 08:35:36,Hindustan,"<a href=""https://news.google.com/rss/articles/CBMi0wFBVV95cUxQZ2NQNmE4TlprU1FtaFI4T2RnUlZmYWlzSXYxZk5Xb0JqWk5XUkhTZWowS0dVdG5jM1hUR3ZLMHlWa25SSzhqbFkwOTBMdmx0WDItVkZRcGtYcm9VZVhFeEZVdGMyNVlmeEJ5d19IcWt5Rzk1RURsTkg5TjBOQTltNnhRRkgwWFd0TXdaeGJ4bUZfX2pKQ3N1LTNMdUZ0YnFSUjdibGgwV0JsQ1RUb3lNaE00dzM5UGpCTFlicHY5dzV4bGd2SmgtSmY0bnBnOGN5T09n0gHTAUFVX3lxTFBnY1A2YThOWmtTUW1oUjhPZGdSVmZhaXNJdjFmTldvQmpaTldSSFNlajBLR1V0bmMzWFRHdksweVZrblJLOGpsWTA5MEx2bHRYMi1WRlFwa1hyb1VlWEV4RlV0YzI1WWZ4Qnl3X0hxa3lHOTVFRGxOSDlOME5BOW02eFFGSDBYV3RNd1p4YnhtRl9fakpDc3UtM0x1RnRicVJSN2JsaDBXQmxDVFRveU1oTTR3MzlQakJMWWJwdjl3NXhsZ3ZKaC1KZjRucGc4Y3lPT2c?oc=5"" target=""_blank"">उत्तराखंड में मॉनसून का कहर जारी, आज इन पांच जिलों में भारी बारिश का अलर्ट</a>&nbsp;&nbsp;<font color=""#6f6f6f"">Hindustan</font>",Disaster,hi
"मानसून ने बढ़ाई रफ्तार, दिल्‍ली समेत इन राज्यों में आंधी-तूफान और भयंकर बारिश की चेतावनी, IMD Predict - Patrika News",https://news.google.com/rss/articles/CBMijAJBVV95cUxNc0JmS2NmLWFQbkY5d1NsNTZfU1F1Q1ZuMXh0dkx6WkhLZGhiUmZ1bklKWEkwMTFGS2Q3eC1zeHdzdkdlb1NlMkprOWpjWDlucjNXOGkzaF82RlU0ZFpmWll1dkxURkNQY2dLQk9DR2V5YkFwNHhJVUhZdUpXS2V3V0gwWEJtVEVZS1AwdTQ3cUUya0xrVW1ENGlMRU84bjZxOFMtRVBRdlNNYjFYOU5xV2lpeEFLTXVUWENxb2NLS3RxbGs2Vi1lcVUySmpXT2JlcG5HYjJnT2NPUndQUFE3Wnhpbk16YTVWRXF6a0NMcjh5dHJvcE5mWktSTGZXaTBmdVJjVGRkaERsUU440gGSAkFVX3lxTFA4eVhvR2xWaUpwOW4zdlFncU42VVc1bVIwOVlBMDZTWHpEZndiblVDQm9ZQXk3VFFEV3BFcUM0R0JEMWdhSG5pVnhONTA1TmtCcjJGTkZGanFMWWpUOHdOTkJhdm92eUk5emhHZ2VuaEJnVFVsdUdTNHRCQ3RiNXQtVDJPTFRNc1hzS214aWZudmw4a1l3dzBiSXphVWhZNXBibXVkcGE5VUotOE1UVmt1ZWluV3V4c1VvWHBvVFpibkJHSWxHX1VCdXMybXRMbTFoUVV5YkRZT2ZqVmt4ZENFbS1CMDY5VW0yNUlERldOenlQTkJzUnFKR2dHS1QxV1JFdUotYWpMaGlUZ1hFSF93aGc?oc=5,2025-07-17 07:29:31,Patrika News,"<a href=""https://news.google.com/rss/articles/CBMijAJBVV95cUxNc0JmS2NmLWFQbkY5d1NsNTZfU1F1Q1ZuMXh0dkx6WkhLZGhiUmZ1bklKWEkwMTFGS2Q3eC1zeHdzdkdlb1NlMkprOWpjWDlucjNXOGkzaF82RlU0ZFpmWll1dkxURkNQY2dLQk9DR2V5YkFwNHhJVUhZdUpXS2V3V0gwWEJtVEVZS1AwdTQ3cUUya0xrVW1ENGlMRU84bjZxOFMtRVBRdlNNYjFYOU5xV2lpeEFLTXVUWENxb2NLS3RxbGs2Vi1lcVUySmpXT2JlcG5HYjJnT2NPUndQUFE3Wnhpbk16YTVWRXF6a0NMcjh5dHJvcE5mWktSTGZXaTBmdVJjVGRkaERsUU440gGSAkFVX3lxTFA4eVhvR2xWaUpwOW4zdlFncU42VVc1bVIwOVlBMDZTWHpEZndiblVDQm9ZQXk3VFFEV3BFcUM0R0JEMWdhSG5pVnhONTA1TmtCcjJGTkZGanFMWWpUOHdOTkJhdm92eUk5emhHZ2VuaEJnVFVsdUdTNHRCQ3RiNXQtVDJPTFRNc1hzS214aWZudmw4a1l3dzBiSXphVWhZNXBibXVkcGE5VUotOE1UVmt1ZWluV3V4c1VvWHBvVFpibkJHSWxHX1VCdXMybXRMbTFoUVV5YkRZT2ZqVmt4ZENFbS1CMDY5VW0yNUlERldOenlQTkJzUnFKR2dHS1QxV1JFdUotYWpMaGlUZ1hFSF93aGc?oc=5"" target=""_blank"">मानसून ने बढ़ाई रफ्तार, दिल्‍ली समेत इन राज्यों में आंधी-तूफान और भयंकर बारिश की चेतावनी, IMD Predict</a>&nbsp;&nbsp;<font color=""#6f6f6f"">Patrika News</font>",Disaster,hi
"Aaj ka Mausam 17 July 2025 LIVE: देशभर में मानसून का दौर; सावन की बारिश ने बढ़ाई रौनक, 17 से 19 जुलाई तक IMD का अलर्ट - timesnowhindi.com",https://news.google.com/rss/articles/CBMi7wJBVV95cUxQaFBVLWFxV001OEhFR2RTTDRYYmliMW5hWnRlbnR5Q0ZFenpQdFJvVVJvRWl1UHBOT05LemplY09iZVRQdlpjTHBwd01tQmtld214Z1ZKaHFIQUdTcUFMNEYwN2VPN2E0ekx3a01xN0E3V0xkNXVSajBvVGpGMTNwRHZJZUNXNDgtUFVmV2ZFZ1E3Z25hNXhRdHJoY09pcmZ3cnhDY1BlOEFNVU9UdFkyRFlfUmtfMWF1RUdtaHVyODBXX3NtMTJGekE2YjNJcXhfOGtzaWlNWDM5TXcwU3lldmUxaWJKdng3WjhudkFOUHZ5OGJ4S08wVW9GRER4dHo0QVM4OG9nN1dmRmNacVEwZ0VDYmMwVjIwZUs2ZzEteGhqc0VhT084X19FLTZFeXZyOVRZVHZIa243eXkwejFPcmhJdUgzaDJfMVJ3QzF4UDVhc3QwcUVtTmZUeUViY3pjdmJsLVFmZ2hYOXBBZUgw0gH0AkFVX3lxTE9FeGhVU1I1Y3lVaDdQODJIckJaWndCTVVIeVJ1RnBibmRDS3NteWwzbFJRWDBzVzR3RG0xSmF5UExxUER2cTN1eHVfek9jMUNNUFpGSFpZZTlQc3g2eEp2RkpKUWpkbGhfUzhXZ2M2U1BjQUtsM1FTckF3MGRzUmRUVkJYN0t4THZYRXJYaDROZTZKdXc2bHRGXzNUaW84T1hqS0o0NUdZa1VxLU0ybjh1RTZ1OFFDN3pVMVV4M1cwdUJTNi1FTE5hQ1VvNFM0NmtrZVJYN1lVTjVqZnhHNVVyVzRQbjNmSkNZaExTRkhKbVRqTk5KRmgtQnVCMjg4S1gtanhYU0JLczZqRWt5eUktQW44Q1g0YUdHU29PaFV3V2tTb3NmdDF0eUplYWxoVkJKUTUzbzZnLUVOWVZLMFU3U0o0X2E2VkNFTzlRTldzRFpsT3NuQm1OMG9MOE16QXA1N19FNjBmNWU0c3BXdWRkZUxZaw?oc=5,2025-07-17 06:12:36,timesnowhindi.com,"<a href=""https://news.google.com/rss/articles/CBMi7wJBVV95cUxQaFBVLWFxV001OEhFR2RTTDRYYmliMW5hWnRlbnR5Q0ZFenpQdFJvVVJvRWl1UHBOT05LemplY09iZVRQdlpjTHBwd01tQmtld214Z1ZKaHFIQUdTcUFMNEYwN2VPN2E0ekx3a01xN0E3V0xkNXVSajBvVGpGMTNwRHZJZUNXNDgtUFVmV2ZFZ1E3Z25hNXhRdHJoY09pcmZ3cnhDY1BlOEFNVU9UdFkyRFlfUmtfMWF1RUdtaHVyODBXX3NtMTJGekE2YjNJcXhfOGtzaWlNWDM5TXcwU3lldmUxaWJKdng3WjhudkFOUHZ5OGJ4S08wVW9GRER4dHo0QVM4OG9nN1dmRmNacVEwZ0VDYmMwVjIwZUs2ZzEteGhqc0VhT084X19FLTZFeXZyOVRZVHZIa243eXkwejFPcmhJdUgzaDJfMVJ3QzF4UDVhc3QwcUVtTmZUeUViY3pjdmJsLVFmZ2hYOXBBZUgw0gH0AkFVX3lxTE9FeGhVU1I1Y3lVaDdQODJIckJaWndCTVVIeVJ1RnBibmRDS3NteWwzbFJRWDBzVzR3RG0xSmF5UExxUER2cTN1eHVfek9jMUNNUFpGSFpZZTlQc3g2eEp2RkpKUWpkbGhfUzhXZ2M2U1BjQUtsM1FTckF3MGRzUmRUVkJYN0t4THZYRXJYaDROZTZKdXc2bHRGXzNUaW84T1hqS0o0NUdZa1VxLU0ybjh1RTZ1OFFDN3pVMVV4M1cwdUJTNi1FTE5hQ1VvNFM0NmtrZVJYN1lVTjVqZnhHNVVyVzRQbjNmSkNZaExTRkhKbVRqTk5KRmgtQnVCMjg4S1gtanhYU0JLczZqRWt5eUktQW44Q1g0YUdHU29PaFV3V2tTb3NmdDF0eUplYWxoVkJKUTUzbzZnLUVOWVZLMFU3U0o0X2E2VkNFTzlRTldzRFpsT3NuQm1OMG9MOE16QXA1N19FNjBmNWU0c3BXdWRkZUxZaw?oc=5"" target=""_blank"">Aaj ka Mausam 17 July 2025 LIVE: देशभर में मानसून का दौर; सावन की बारिश ने बढ़ाई रौनक, 17 से 19 जुलाई तक IMD का अलर्ट</a>&nbsp;&nbsp;<font color=""#6f6f6f"">timesnowhindi.com</font>",Disaster,hi
सावन में केंद्रीय मंत्री ललन सिंह ने दी मटन पार्टी और छिड़ गया सियासी बवाल - TV9 Bharatvarsh,https://news.google.com/rss/articles/CBMiyAFBVV95cUxNYVFtSTdSU3NtX09rY19hbFMzNV9lLWhTYjRRUmJ4ZUxUNzFxeHVqWWtuR0N0czRmQTZkTnNFWlJYdUNYWWNlRGdPVUxleHR1UlZDa0g4ZmVJUTdVdFR5RGl3ZmVzazdOSmtOZzFacGRhUUViRllJU0VPZmVmcVZZVWZ0bG5zSE9WSV9Ha3VuWWRMTkdSTll5Qjg3VmpVTzBGWWVzbC1KTE1ReEgzMVhDWE1KcjBlZ1l5Ni1CRzhjSzF6cjNhMjhQWNIBzgFBVV95cUxQaGFERzl0MTZSYm8tWl9vSTZ4X3VNWmVqRXJiSXE2OEQ0SzN3dVE1anJKMFBBTVk0b1JvcU9qZE5nZDAyOHpNOUJGbEJhY01nVUFpRVprbjhvXzNsTkdrNWVLbnRFdGY4ZldXOFhORnpNWEpTVy14VThDc2pCUG9Dc1V4SDdaOVBUZS14UWRPS2pKMlpqZF9CazdJUDYzb3JxZjVjZ2FaVFQ5cUx0UTNkdUxjQlBURFZWc050YzJjZXV6dXhLUzA4aFUtWWdMQQ?oc=5,2025-07-17 10:07:01,TV9 Bharatvarsh,"<a href=""https://news.google.com/rss/articles/CBMiyAFBVV95cUxNYVFtSTdSU3NtX09rY19hbFMzNV9lLWhTYjRRUmJ4ZUxUNzFxeHVqWWtuR0N0czRmQTZkTnNFWlJYdUNYWWNlRGdPVUxleHR1UlZDa0g4ZmVJUTdVdFR5RGl3ZmVzazdOSmtOZzFacGRhUUViRllJU0VPZmVmcVZZVWZ0bG5zSE9WSV9Ha3VuWWRMTkdSTll5Qjg3VmpVTzBGWWVzbC1KTE1ReEgzMVhDWE1KcjBlZ1l5Ni1CRzhjSzF6cjNhMjhQWNIBzgFBVV95cUxQaGFERzl0MTZSYm8tWl9vSTZ4X3VNWmVqRXJiSXE2OEQ0SzN3dVE1anJKMFBBTVk0b1JvcU9qZE5nZDAyOHpNOUJGbEJhY01nVUFpRVprbjhvXzNsTkdrNWVLbnRFdGY4ZldXOFhORnpNWEpTVy14VThDc2pCUG9Dc1V4SDdaOVBUZS14UWRPS2pKMlpqZF9CazdJUDYzb3JxZjVjZ2FaVFQ5cUx0UTNkdUxjQlBURFZWc050YzJjZXV6dXhLUzA4aFUtWWdMQQ?oc=5"" target=""_blank"">सावन में केंद्रीय मंत्री ललन सिंह ने दी मटन पार्टी और छिड़ गया सियासी बवाल</a>&nbsp;&nbsp;<font color=""#6f6f6f"">TV9 Bharatvarsh</font>",Disaster,hi
"कई राज्‍यों में भारी बारि‍श का अलर्ट, दिल्‍ली में कैसा रहेगा मौसम? IMD ने दिया अपडेट - Kisan Tak",https://news.google.com/rss/articles/CBMi6wFBVV95cUxNckJsSUJEdUpfcU1BeGJyVEZPZWdtV092ZlRSc1FOSmRtSlRSa1N5bVphNnZtalE3WXBidkRRSGxfeWVGUlNZQXRERDdQbXVnMFFoN2tWOFBkMEZWbDNEUVlYdEFmd3dBT2dlYmhpT25XaDg4bUU0NGE1Vm9WeWU2QTl0UlFpa3E5VDlES2tqcnRPb1ZYOXN0QjFJSGlhS0hNNmVTOXF0U0Y1MFlyeFltbFV1RkpRZU1uWmVjZnVud3psRWF5ZHNPMlVfN1Y1NmV6c0NTUFBfdHpTUjdpWnhxeG12a2RBb09UUE1V?oc=5,2025-07-17 07:59:52,Kisan Tak,"<a href=""https://news.google.com/rss/articles/CBMi6wFBVV95cUxNckJsSUJEdUpfcU1BeGJyVEZPZWdtV092ZlRSc1FOSmRtSlRSa1N5bVphNnZtalE3WXBidkRRSGxfeWVGUlNZQXRERDdQbXVnMFFoN2tWOFBkMEZWbDNEUVlYdEFmd3dBT2dlYmhpT25XaDg4bUU0NGE1Vm9WeWU2QTl0UlFpa3E5VDlES2tqcnRPb1ZYOXN0QjFJSGlhS0hNNmVTOXF0U0Y1MFlyeFltbFV1RkpRZU1uWmVjZnVud3psRWF5ZHNPMlVfN1Y1NmV6c0NTUFBfdHpTUjdpWnhxeG12a2RBb09UUE1V?oc=5"" target=""_blank"">कई राज्‍यों में भारी बारि‍श का अलर्ट, दिल्‍ली में कैसा रहेगा मौसम? IMD ने दिया अपडेट</a>&nbsp;&nbsp;<font color=""#6f6f6f"">Kisan Tak</font>",Disaster,hi
"वाराणसी और प्रयागराज में बाढ़ का खतरा, अलर्ट पर प्रशासन - dainiksaveratimes.com",https://news.google.com/rss/articles/CBMiswFBVV95cUxNYXBVbXRxNDd1SWVYeG03a09nMFZFRE5RV2tFNWZ1NlQ4bWR0dm95VE5lZGItUkVlYlhNT2F0cG8wY0JHal9pVGZiVUp6VXRxNEpydlU0QV9ZeU93eUJrNVlPdURpS0swekNqaFIwQk9DVGhYMFJwcXRMcVdRYnljVXFUZndzTkxSMm1wRnd0MnFhZldXUVNDeFNFYWlEaVhUVUM5STZ2OXhaUmdiRFZMTWVITdIBuwFBVV95cUxQZmc3cjViTXlDZkpKdW95a2wwdWZYOF84UkRtVmdOUGI4d0FCUXUwbWI5LW1HQ1RXREpvSnhRZXV4dkdHUzZ3aVU0dnluSU5vMzFzN253M1gtaWxCWFl3TjlWYjNBMms4VUNiT25FcDJPM3dkelU5U2diRGtyeTB2Y0JoZlFaLURCdmNTMVZSdVRhWk9oVmFFNGhMYTZYOUZELWM0ZWxlWUhDemF4N1oxY3NJeHN2WTJkZnJR?oc=5,2025-07-17 03:00:56,dainiksaveratimes.com,"<a href=""https://news.google.com/rss/articles/CBMiswFBVV95cUxNYXBVbXRxNDd1SWVYeG03a09nMFZFRE5RV2tFNWZ1NlQ4bWR0dm95VE5lZGItUkVlYlhNT2F0cG8wY0JHal9pVGZiVUp6VXRxNEpydlU0QV9ZeU93eUJrNVlPdURpS0swekNqaFIwQk9DVGhYMFJwcXRMcVdRYnljVXFUZndzTkxSMm1wRnd0MnFhZldXUVNDeFNFYWlEaVhUVUM5STZ2OXhaUmdiRFZMTWVITdIBuwFBVV95cUxQZmc3cjViTXlDZkpKdW95a2wwdWZYOF84UkRtVmdOUGI4d0FCUXUwbWI5LW1HQ1RXREpvSnhRZXV4dkdHUzZ3aVU0dnluSU5vMzFzN253M1gtaWxCWFl3TjlWYjNBMms4VUNiT25FcDJPM3dkelU5U2diRGtyeTB2Y0JoZlFaLURCdmNTMVZSdVRhWk9oVmFFNGhMYTZYOUZELWM0ZWxlWUhDemF4N1oxY3NJeHN2WTJkZnJR?oc=5"" target=""_blank"">वाराणसी और प्रयागराज में बाढ़ का खतरा, अलर्ट पर प्रशासन</a>&nbsp;&nbsp;<font color=""#6f6f6f"">dainiksaveratimes.com</font>",Disaster,hi
"तेज चली हवा, चौराहे पर लगे क्लॉक टॉवर का पैनल टूटा - Amar Ujala",https://news.google.com/rss/articles/CBMi3wFBVV95cUxQT0JXbFJDSElBR0QxQ1EydERTQmtoTmpCMHMwVUlmT3dJeS1iOGFwMVpCay1RYkx2amlxdXhLZEJTVEx5LUw1ZFRXMUkteFRJLTVCOXBWX1BQN3h2b29TVFNfOU5nTVd4aGw0UEMyVHdiV1ZiVk9pSlJHQVA2MjRXdkh6MHJDT2tDXzVjQXVpdHhsVWo5a01mbXRkRW1oYmJWalhPYnJwZ2RDcU1TVGNMZkVZU3BxblJrNjcwMzhNSlRaVmdfWlRSVElsem5uOVJFSlpRRXBmeDlaSFM2QmNF0gHkAUFVX3lxTE1nNG5JMUxPenQyeE01QnBEUXpDMmtJOHdURmZiNXFPMVBqUFNTTTBxc3p6b1RuUWNoTjhKQXNpRGdZYmc3RVA1T3JjcTRpamRjUllSQ3R6OWRtZ2hucDhyLWs5cWM0NHF1eXlkSWNqMXJEenVNSDJrbjFySy0zbzBRY3o0X0pyTDViUktjY2owMmJtbU0yMTBlRVlDYWlZSWpBTTQ1WE9vUnRveWF4MF9EOGp0SjJxdVFyUmU5REZDbGRWTUNmZTFKRFk4c2ZZclhBZUZlanlBbldyT0paZWk2RVNYTQ?oc=5,2025-07-16 18:23:27,Amar Ujala,"<a href=""https://news.google.com/rss/articles/CBMi3wFBVV95cUxQT0JXbFJDSElBR0QxQ1EydERTQmtoTmpCMHMwVUlmT3dJeS1iOGFwMVpCay1RYkx2amlxdXhLZEJTVEx5LUw1ZFRXMUkteFRJLTVCOXBWX1BQN3h2b29TVFNfOU5nTVd4aGw0UEMyVHdiV1ZiVk9pSlJHQVA2MjRXdkh6MHJDT2tDXzVjQXVpdHhsVWo5a01mbXRkRW1oYmJWalhPYnJwZ2RDcU1TVGNMZkVZU3BxblJrNjcwMzhNSlRaVmdfWlRSVElsem5uOVJFSlpRRXBmeDlaSFM2QmNF0gHkAUFVX3lxTE1nNG5JMUxPenQyeE01QnBEUXpDMmtJOHdURmZiNXFPMVBqUFNTTTBxc3p6b1RuUWNoTjhKQXNpRGdZYmc3RVA1T3JjcTRpamRjUllSQ3R6OWRtZ2hucDhyLWs5cWM0NHF1eXlkSWNqMXJEenVNSDJrbjFySy0zbzBRY3o0X0pyTDViUktjY2owMmJtbU0yMTBlRVlDYWlZSWpBTTQ1WE9vUnRveWF4MF9EOGp0SjJxdVFyUmU5REZDbGRWTUNmZTFKRFk4c2ZZclhBZUZlanlBbldyT0paZWk2RVNYTQ?oc=5"" target=""_blank"">तेज चली हवा, चौराहे पर लगे क्लॉक टॉवर का पैनल टूटा</a>&nbsp;&nbsp;<font color=""#6f6f6f"">Amar Ujala</font>",Disaster,hi
"गिरताऊ पेड़ दे रहे हैं हादसे को दावत,नहीं दिया जा रहा ध्यान - Hindustan",https://news.google.com/rss/articles/CBMi5wFBVV95cUxNcTRSdUxmbC1wOHN6WmxmZzJBTWNZRklxVnhvN0s5bXoxV2JIS3ZvMG5jYmZ6eUlrUHlCUnY5bEg5cXExejFwWlRnZVktV0lMdnhZMDFnRHYxSWxIRkNhTENyUkNSeTdpYmt0RVFPRFNTOThycUhOdXNEcGdLbjR1bEJ2dVkzbTZ2U2dvdlZyajRFcURIRlR5clVHci1vOXZ1MUhMX3RnS0NfOEtUNzBZbWVhenVrZEJXalVkdXB3eXZZZkdkWGFMeURkdldIQXEtbm1aZUYtN2dGZ29EcDhNdlMwSTVzUG_SAecBQVVfeXFMTXE0UnVMZmwtcDhzelpsZmcyQU1jWUZJcVZ4bzdLOW16MVdiSEt2bzBuY2JmenlJa1B5QlJ2OWxIOXFxMXoxcFpUZ2VZLVdJTHZ4WTAxZ0R2MUlsSEZDYUxDclJDUnk3aWJrdEVRT0RTUzk4cnFITnVzRHBnS240dWxCdnVZM202dlNnb3ZWcmo0RXFESEZUeXJVR3Itbzl2dTFITF90Z0tDXzhLVDcwWW1lYXp1a2RCV2pVZHVwd3l2WWZHZFhhTHlEZHZXSEFxLW5tWmVGLTdnRmdvRHA4TXZTMEk1c1Bv?oc=5,2025-07-17 02:16:56,Hindustan,"<a href=""https://news.google.com/rss/articles/CBMi5wFBVV95cUxNcTRSdUxmbC1wOHN6WmxmZzJBTWNZRklxVnhvN0s5bXoxV2JIS3ZvMG5jYmZ6eUlrUHlCUnY5bEg5cXExejFwWlRnZVktV0lMdnhZMDFnRHYxSWxIRkNhTENyUkNSeTdpYmt0RVFPRFNTOThycUhOdXNEcGdLbjR1bEJ2dVkzbTZ2U2dvdlZyajRFcURIRlR5clVHci1vOXZ1MUhMX3RnS0NfOEtUNzBZbWVhenVrZEJXalVkdXB3eXZZZkdkWGFMeURkdldIQXEtbm1aZUYtN2dGZ29EcDhNdlMwSTVzUG_SAecBQVVfeXFMTXE0UnVMZmwtcDhzelpsZmcyQU1jWUZJcVZ4bzdLOW16MVdiSEt2bzBuY2JmenlJa1B5QlJ2OWxIOXFxMXoxcFpUZ2VZLVdJTHZ4WTAxZ0R2MUlsSEZDYUxDclJDUnk3aWJrdEVRT0RTUzk4cnFITnVzRHBnS240dWxCdnVZM202dlNnb3ZWcmo0RXFESEZUeXJVR3Itbzl2dTFITF90Z0tDXzhLVDcwWW1lYXp1a2RCV2pVZHVwd3l2WWZHZFhhTHlEZHZXSEFxLW5tWmVGLTdnRmdvRHA4TXZTMEk1c1Bv?oc=5"" target=""_blank"">गिरताऊ पेड़ दे रहे हैं हादसे को दावत,नहीं दिया जा रहा ध्यान</a>&nbsp;&nbsp;<font color=""#6f6f6f"">Hindustan</font>",Disaster,hi
"बारिश के बीच बिजली गुल, 12 घंटे तक लोग परेशान - Hindustan",https://news.google.com/rss/articles/CBMizwFBVV95cUxOVFZlUVVuRjE1YlRVWS1YRm1fZlFaamtYYXRHREhmMElzNUFFV1NGSGRRazQ2dGtFVTI2OWFRWnJJY1F1SG5tblRNelVrbW4ybG1qWmRReW5RNmFQczRNT1UtUVVLUnh2VlhjSzJJTHZBS2l0MXRJcDFkT2wxaEZmaUZHTUEtcDFQQ3ZRU09wSFluSXBGSEREY29CMFV3VEg1QWFEcW44QU9uTUxZbFZZeFE2Nk04eDBJdUlqTzZPaE5SeHJKT3paQWZxUGVqTEHSAc8BQVVfeXFMTlRWZVFVbkYxNWJUVVktWEZtX2ZRWmprWGF0R0RIZjBJczVBRVdTRkhkUWs0NnRrRVUyNjlhUVpySWNRdUhubW5UTXpVa21uMmxtalpkUXluUTZhUHM0TU9VLVFVS1J4dlZYY0sySUx2QUtpdDF0SXAxZE9sMWhGZmlGR01BLXAxUEN2UVNPcEhZbklwRkhERGNvQjBVd1RINUFhRHFuOEFPbk1MWWxWWXhRNjZNOHgwSXVJak82T2hOUnhySk96WkFmcVBlakxB?oc=5,2025-07-17 04:44:03,Hindustan,"<a href=""https://news.google.com/rss/articles/CBMizwFBVV95cUxOVFZlUVVuRjE1YlRVWS1YRm1fZlFaamtYYXRHREhmMElzNUFFV1NGSGRRazQ2dGtFVTI2OWFRWnJJY1F1SG5tblRNelVrbW4ybG1qWmRReW5RNmFQczRNT1UtUVVLUnh2VlhjSzJJTHZBS2l0MXRJcDFkT2wxaEZmaUZHTUEtcDFQQ3ZRU09wSFluSXBGSEREY29CMFV3VEg1QWFEcW44QU9uTUxZbFZZeFE2Nk04eDBJdUlqTzZPaE5SeHJKT3paQWZxUGVqTEHSAc8BQVVfeXFMTlRWZVFVbkYxNWJUVVktWEZtX2ZRWmprWGF0R0RIZjBJczVBRVdTRkhkUWs0NnRrRVUyNjlhUVpySWNRdUhubW5UTXpVa21uMmxtalpkUXluUTZhUHM0TU9VLVFVS1J4dlZYY0sySUx2QUtpdDF0SXAxZE9sMWhGZmlGR01BLXAxUEN2UVNPcEhZbklwRkhERGNvQjBVd1RINUFhRHFuOEFPbk1MWWxWWXhRNjZNOHgwSXVJak82T2hOUnhySk96WkFmcVBlakxB?oc=5"" target=""_blank"">बारिश के बीच बिजली गुल, 12 घंटे तक लोग परेशान</a>&nbsp;&nbsp;<font color=""#6f6f6f"">Hindustan</font>",Disaster,hi
रामगंगा में बाढ़ के दृष्टिगत एसडीएम ने मंगवाई नाव - Hindustan,https://news.google.com/rss/articles/CBMi1gFBVV95cUxPa0NsbHFGSWp4QjJCQXZ5dWlURTNtN3dzRVZFWVlZT29vY1ByemFZR3Ixek1SOVk3R2JleV81eXJpOWJhY1JPaGtuRXlQa2RqQk9VVUJlZzRnb2FRTnJ2RE9HbWRKRTFDYy1faHNYRmprT1hiekwzV2tlc2xRVm1TakdPdzRaYTVuRXRicWdNcERhSUZmQTVuTTV0dlNNNTgwbjRDdEFnX1lVek9FdnhvNDlyZzJIX0QweDJGUWNFTGwybFVCZ19XeUtLTkQ5QUJ6clNKNjd30gHWAUFVX3lxTE9rQ2xscUZJanhCMkJBdnl1aVRFM203d3NFVkVZWVlPb29jUHJ6YVlHcjF6TVI5WTdHYmV5XzV5cmk5YmFjUk9oa25FeVBrZGpCT1VVQmVnNGdvYVFOcnZET0dtZEpFMUNjLV9oc1hGamtPWGJ6TDNXa2VzbFFWbVNqR093NFphNW5FdGJxZ01wRGFJRmZBNW5NNXR2U001ODBuNEN0QWdfWVV6T0V2eG80OXJnMkhfRDB4MkZRY0VMbDJsVUJnX1d5S0tORDlBQnpyU0o2N3c?oc=5,2025-07-17 04:51:59,Hindustan,"<a href=""https://news.google.com/rss/articles/CBMi1gFBVV95cUxPa0NsbHFGSWp4QjJCQXZ5dWlURTNtN3dzRVZFWVlZT29vY1ByemFZR3Ixek1SOVk3R2JleV81eXJpOWJhY1JPaGtuRXlQa2RqQk9VVUJlZzRnb2FRTnJ2RE9HbWRKRTFDYy1faHNYRmprT1hiekwzV2tlc2xRVm1TakdPdzRaYTVuRXRicWdNcERhSUZmQTVuTTV0dlNNNTgwbjRDdEFnX1lVek9FdnhvNDlyZzJIX0QweDJGUWNFTGwybFVCZ19XeUtLTkQ5QUJ6clNKNjd30gHWAUFVX3lxTE9rQ2xscUZJanhCMkJBdnl1aVRFM203d3NFVkVZWVlPb29jUHJ6YVlHcjF6TVI5WTdHYmV5XzV5cmk5YmFjUk9oa25FeVBrZGpCT1VVQmVnNGdvYVFOcnZET0dtZEpFMUNjLV9oc1hGamtPWGJ6TDNXa2VzbFFWbVNqR093NFphNW5FdGJxZ01wRGFJRmZBNW5NNXR2U001ODBuNEN0QWdfWVV6T0V2eG80OXJnMkhfRDB4MkZRY0VMbDJsVUJnX1d5S0tORDlBQnpyU0o2N3c?oc=5"" target=""_blank"">रामगंगा में बाढ़ के दृष्टिगत एसडीएम ने मंगवाई नाव</a>&nbsp;&nbsp;<font color=""#6f6f6f"">Hindustan</font>",Disaster,hi
यूपी के कई जिलों में बहुत भारी वर्षा का अलर्ट - Hindustan,https://news.google.com/rss/articles/CBMi1gFBVV95cUxPWVBvZTNHdy11WVZYRDdJUDl2a2JvNWY4cXJ6QTNtcnpfVmhVb01oMEN3WVNuRXdKQVc0cWprcUEtTERjaGlqVHlKQlktTVdXSTRpZC1LcUVVbkFHRzU4aGhYd1VMcTZPTDBiTmtSRldBOV9xNTJHQ1UzUnRidE5hWTN1c05ubkJ4WF9WeGJCVDdSbks0QjU0ZUNRNEFUNDU3MXNZcGY1M3dQV0RwRE5aWmpQZzJTdXl5UHpLR0ZQbVExVTR5eTFvQkVzdTZ3RXQxY25SV1dn0gHbAUFVX3lxTE95ZkYxbjY1RUZjclRfWlBPWWh4UnpMRTdJNnpTZjBuYlE5eVNiZXlDMVYweGNJSTdwUldTaTVESERKTXdLMTYwdWU1YUlicFV1MFhZQUFxVTItdmN4enAxTjhjd1RlT1FvN2ZmNjRsZnlfdzRMWE1ya0tyQmRIYUtJelhWWldEZlhVOHZTTXJTLWVsdW1GdS1LNGZKeFlHeUJ6Wndxd29PXzJKWFN5WGxuUHM2eERqb1piLV9SRG9kTlVoM09UR3pVOHZVZ0F5YkFxalJMRlNndVctYw?oc=5,2025-07-16 22:42:58,Hindustan,"<a href=""https://news.google.com/rss/articles/CBMi1gFBVV95cUxPWVBvZTNHdy11WVZYRDdJUDl2a2JvNWY4cXJ6QTNtcnpfVmhVb01oMEN3WVNuRXdKQVc0cWprcUEtTERjaGlqVHlKQlktTVdXSTRpZC1LcUVVbkFHRzU4aGhYd1VMcTZPTDBiTmtSRldBOV9xNTJHQ1UzUnRidE5hWTN1c05ubkJ4WF9WeGJCVDdSbks0QjU0ZUNRNEFUNDU3MXNZcGY1M3dQV0RwRE5aWmpQZzJTdXl5UHpLR0ZQbVExVTR5eTFvQkVzdTZ3RXQxY25SV1dn0gHbAUFVX3lxTE95ZkYxbjY1RUZjclRfWlBPWWh4UnpMRTdJNnpTZjBuYlE5eVNiZXlDMVYweGNJSTdwUldTaTVESERKTXdLMTYwdWU1YUlicFV1MFhZQUFxVTItdmN4enAxTjhjd1RlT1FvN2ZmNjRsZnlfdzRMWE1ya0tyQmRIYUtJelhWWldEZlhVOHZTTXJTLWVsdW1GdS1LNGZKeFlHeUJ6Wndxd29PXzJKWFN5WGxuUHM2eERqb1piLV9SRG9kTlVoM09UR3pVOHZVZ0F5YkFxalJMRlNndVctYw?oc=5"" target=""_blank"">यूपी के कई जिलों में बहुत भारी वर्षा का अलर्ट</a>&nbsp;&nbsp;<font color=""#6f6f6f"">Hindustan</font>",Disaster,hi
एसडीएम ने किया बाढ़ग्रस्त क्षेत्र का दौरा - Hindustan,https://news.google.com/rss/articles/CBMi4wFBVV95cUxNS0RuVjdxSUZwalAtSUFhSnNKQk5TWGkyS1poMllRb3lhWF9fcExsc0pkTXl2dnRqTllIbWlkS1EyM1B0dnJtVVVnTXVyaWRBTWhMaENjYmFCNF82emxlMzIyZ3hPSG4yb2ZfUVBDM0NoVGNVVk5ka1RHZEl1MzhGNC10VTNEOG1ldnlLLUNIWnFkZjZJX3RucVNMY3RZcTlPTUdKR3pTQ1Jla0hmQzRjamRfOFpGZmpfMmt5d2lUUkxnVS01WUxpOXVwYkdWX1ZqbHM5ajBueEUxQ0E4YjJTS3ZmZ9IB4wFBVV95cUxNS0RuVjdxSUZwalAtSUFhSnNKQk5TWGkyS1poMllRb3lhWF9fcExsc0pkTXl2dnRqTllIbWlkS1EyM1B0dnJtVVVnTXVyaWRBTWhMaENjYmFCNF82emxlMzIyZ3hPSG4yb2ZfUVBDM0NoVGNVVk5ka1RHZEl1MzhGNC10VTNEOG1ldnlLLUNIWnFkZjZJX3RucVNMY3RZcTlPTUdKR3pTQ1Jla0hmQzRjamRfOFpGZmpfMmt5d2lUUkxnVS01WUxpOXVwYkdWX1ZqbHM5ajBueEUxQ0E4YjJTS3ZmZw?oc=5,2025-07-17 03:27:02,Hindustan,"<a href=""https://news.google.com/rss/articles/CBMi4wFBVV95cUxNS0RuVjdxSUZwalAtSUFhSnNKQk5TWGkyS1poMllRb3lhWF9fcExsc0pkTXl2dnRqTllIbWlkS1EyM1B0dnJtVVVnTXVyaWRBTWhMaENjYmFCNF82emxlMzIyZ3hPSG4yb2ZfUVBDM0NoVGNVVk5ka1RHZEl1MzhGNC10VTNEOG1ldnlLLUNIWnFkZjZJX3RucVNMY3RZcTlPTUdKR3pTQ1Jla0hmQzRjamRfOFpGZmpfMmt5d2lUUkxnVS01WUxpOXVwYkdWX1ZqbHM5ajBueEUxQ0E4YjJTS3ZmZ9IB4wFBVV95cUxNS0RuVjdxSUZwalAtSUFhSnNKQk5TWGkyS1poMllRb3lhWF9fcExsc0pkTXl2dnRqTllIbWlkS1EyM1B0dnJtVVVnTXVyaWRBTWhMaENjYmFCNF82emxlMzIyZ3hPSG4yb2ZfUVBDM0NoVGNVVk5ka1RHZEl1MzhGNC10VTNEOG1ldnlLLUNIWnFkZjZJX3RucVNMY3RZcTlPTUdKR3pTQ1Jla0hmQzRjamRfOFpGZmpfMmt5d2lUUkxnVS01WUxpOXVwYkdWX1ZqbHM5ajBueEUxQ0E4YjJTS3ZmZw?oc=5"" target=""_blank"">एसडीएम ने किया बाढ़ग्रस्त क्षेत्र का दौरा</a>&nbsp;&nbsp;<font color=""#6f6f6f"">Hindustan</font>",Disaster,hi
बिजली के तार पर पेड़ गिरने से कई गांवों की बिजली बाधित - Hindustan,https://news.google.com/rss/articles/CBMi_wFBVV95cUxQWHJhSG9nUkFfd3ZMcWJZY3pHMDE4VWM5bnIwcGh0bVhFUTJBMndsRVc5bDlnWlgxYlNhTVVsel9LZHRDam8tcEo1LXN0ZXpUNHFObGFGbmpRdzN0TzBCMUVJSGc2Y0xGYW1GalF1dUxFWmFydU41SUpLc20zelBpaktwMWVvQlp1azVkcUFGQk9XbmJvUFZKeThNTHpaLXVJUW4zbTRWU1ZvQTl4WmlUNmloYlNQZjVFdkI5ZmRNNXBuTjZFdXhtUnpCRlUxVnZ4cC01TlBxRW1STGtXTndoU2JXRUpXVGRWZk85UF9UNjNMOTZVQ3YzaG1pMlpHeDjSAYQCQVVfeXFMTmZ2YVJteDVEckhUSzU2c3lHWktBeFpJZk9KWVN4LUNJeG5GalU1VjFOYnZMUHlDOTRGQS16U1ZRRmdiWF92dEd0c2Q0dG93SzZ4czdaZTZ3aG8tQkZLZm5OZkZ5ZVBfVFh5OEFVWGl0RmxHUXJVZXNhb21uclNVU2xDUDl2RWVGaGNLZVM4WUlnWW90SG5Tc0IxV09Lc1dQNHRROFBPbDVFdmNHVmFNeGVZejIwRHJlN1VtbHZLZzBpU2Y5a3NoS0pDTTI0dXM1aUNpVzF2b1FoMXpYbm9WY1d3Qzh6NWlNUlFPTTdxZkRIeFpFSVliTGpqbGd6ZXBicWl1N1Y?oc=5,2025-07-16 16:09:49,Hindustan,"<a href=""https://news.google.com/rss/articles/CBMi_wFBVV95cUxQWHJhSG9nUkFfd3ZMcWJZY3pHMDE4VWM5bnIwcGh0bVhFUTJBMndsRVc5bDlnWlgxYlNhTVVsel9LZHRDam8tcEo1LXN0ZXpUNHFObGFGbmpRdzN0TzBCMUVJSGc2Y0xGYW1GalF1dUxFWmFydU41SUpLc20zelBpaktwMWVvQlp1azVkcUFGQk9XbmJvUFZKeThNTHpaLXVJUW4zbTRWU1ZvQTl4WmlUNmloYlNQZjVFdkI5ZmRNNXBuTjZFdXhtUnpCRlUxVnZ4cC01TlBxRW1STGtXTndoU2JXRUpXVGRWZk85UF9UNjNMOTZVQ3YzaG1pMlpHeDjSAYQCQVVfeXFMTmZ2YVJteDVEckhUSzU2c3lHWktBeFpJZk9KWVN4LUNJeG5GalU1VjFOYnZMUHlDOTRGQS16U1ZRRmdiWF92dEd0c2Q0dG93SzZ4czdaZTZ3aG8tQkZLZm5OZkZ5ZVBfVFh5OEFVWGl0RmxHUXJVZXNhb21uclNVU2xDUDl2RWVGaGNLZVM4WUlnWW90SG5Tc0IxV09Lc1dQNHRROFBPbDVFdmNHVmFNeGVZejIwRHJlN1VtbHZLZzBpU2Y5a3NoS0pDTTI0dXM1aUNpVzF2b1FoMXpYbm9WY1d3Qzh6NWlNUlFPTTdxZkRIeFpFSVliTGpqbGd6ZXBicWl1N1Y?oc=5"" target=""_blank"">बिजली के तार पर पेड़ गिरने से कई गांवों की बिजली बाधित</a>&nbsp;&nbsp;<font color=""#6f6f6f"">Hindustan</font>",Disaster,hi
जलशक्ति मंत्री ने रिंग बांध का किया निरीक्षण - Hindustan,https://news.google.com/rss/articles/CBMi8wFBVV95cUxQV1FSa0tQUnNLWWxBTGJGQ0x1NVo1UnkwZjJOUWhxdm81bTl1dDlzb1dLUjdkRFRqdGl1QXQyUzNSVDdHWWhnbDJmLUUyNUgyRHBjNUU5ZHFfd2taOXNOUzIyRE5oUVUtX21XYllPc0dkUk1tQTk2SlVQaVJQa193UmMwa0tUQUduRzYzRU9pTmMzLTRrSVVRWHo3OGRJWmVhZ3dmZ21jMXlVSVp6OTdma3Z1dDlaYzM3cFczd3k2emZMemlMUEpONS1mMnVqQ3E1MzFrS3IxQzVKT2FscFRHMFNSaGRxQWI0M015WVVjWEtFSVHSAfMBQVVfeXFMUFdRUmtLUFJzS1lsQUxiRkNMdTVaNVJ5MGYyTlFocXZvNW05dXQ5c29XS1I3ZERUanRpdUF0MlMzUlQ3R1loZ2wyZi1FMjVIMkRwYzVFOWRxX3drWjlzTlMyMkROaFFVLV9tV2JZT3NHZFJNbUE5NkpVUGlSUGtfd1JjMGtLVEFHbkc2M0VPaU5jMy00a0lVUVh6NzhkSVplYWd3ZmdtYzF5VUlaejk3Zmt2dXQ5WmMzN3BXM3d5NnpmTHppTFBKTjUtZjJ1akNxNTMxa0tyMUM1Sk9hbHBURzBTUmhkcUFiNDNNeVlVY1hLRUlR?oc=5,2025-07-17 01:16:01,Hindustan,"<a href=""https://news.google.com/rss/articles/CBMi8wFBVV95cUxQV1FSa0tQUnNLWWxBTGJGQ0x1NVo1UnkwZjJOUWhxdm81bTl1dDlzb1dLUjdkRFRqdGl1QXQyUzNSVDdHWWhnbDJmLUUyNUgyRHBjNUU5ZHFfd2taOXNOUzIyRE5oUVUtX21XYllPc0dkUk1tQTk2SlVQaVJQa193UmMwa0tUQUduRzYzRU9pTmMzLTRrSVVRWHo3OGRJWmVhZ3dmZ21jMXlVSVp6OTdma3Z1dDlaYzM3cFczd3k2emZMemlMUEpONS1mMnVqQ3E1MzFrS3IxQzVKT2FscFRHMFNSaGRxQWI0M015WVVjWEtFSVHSAfMBQVVfeXFMUFdRUmtLUFJzS1lsQUxiRkNMdTVaNVJ5MGYyTlFocXZvNW05dXQ5c29XS1I3ZERUanRpdUF0MlMzUlQ3R1loZ2wyZi1FMjVIMkRwYzVFOWRxX3drWjlzTlMyMkROaFFVLV9tV2JZT3NHZFJNbUE5NkpVUGlSUGtfd1JjMGtLVEFHbkc2M0VPaU5jMy00a0lVUVh6NzhkSVplYWd3ZmdtYzF5VUlaejk3Zmt2dXQ5WmMzN3BXM3d5NnpmTHppTFBKTjUtZjJ1akNxNTMxa0tyMUM1Sk9hbHBURzBTUmhkcUFiNDNNeVlVY1hLRUlR?oc=5"" target=""_blank"">जलशक्ति मंत्री ने रिंग बांध का किया निरीक्षण</a>&nbsp;&nbsp;<font color=""#6f6f6f"">Hindustan</font>",Disaster,hi
"प्रयागराज में गंगा का उफान, वाराणसी में बाढ़ जैसे हालात; प्रशासन ने जारी किया अलर्ट - Hindustan",https://news.google.com/rss/articles/CBMi0AFBVV95cUxPUlBUMnZwQVRpeklLSzFscGNZbmxIdFVsYTh4WlJOZVVkUkg3cU4xNkdvR2NpM1BrVUFQaHVGdlRWQkhSOEt0N1dJbFFFeXNNRG1Ca3pHYlNvdGc5azhIZ0dTV01EYnNZSjVQcUFMU0U4RlVENHN6M2oyYmxkdXhJX3FxNUpoa1JMMGJjZk5MaDNyWW5veFBzRlZfQnZSWGJwTnc4ZzVLWnhzclV6aC1qdzh3WmZMeWlVVlU3ZWVsOG02WFVNRkc1UzlOY2tlTWhV0gHWAUFVX3lxTE91RGxhMGlCRU9zQmpQSTNEaWM4UkpzZ1JfbmNpcnhhcTFwUjlCbF9hN2NxamxmYWtWYm5LaHNmb3VhdlVmaU04allQTnUzT3poOXI4MjJGVEhYR3RiMDZUOVQyTnBndWFVWElYSEc0NS14Smt5R0JWYWdfc2d2QXNSN2Rsc2xEWFpsMVBxSFNxTUhfSFNoVWlOZjdwZk1HV0xGZG04RDRPX3hYZEtzSUJ5X2RTYlhGWUZjbk9JeU5NSmlRZUE3akc3UURwZ1R0MXRDSDdGcmc?oc=5,2025-07-16 21:15:20,Hindustan,"<a href=""https://news.google.com/rss/articles/CBMi0AFBVV95cUxPUlBUMnZwQVRpeklLSzFscGNZbmxIdFVsYTh4WlJOZVVkUkg3cU4xNkdvR2NpM1BrVUFQaHVGdlRWQkhSOEt0N1dJbFFFeXNNRG1Ca3pHYlNvdGc5azhIZ0dTV01EYnNZSjVQcUFMU0U4RlVENHN6M2oyYmxkdXhJX3FxNUpoa1JMMGJjZk5MaDNyWW5veFBzRlZfQnZSWGJwTnc4ZzVLWnhzclV6aC1qdzh3WmZMeWlVVlU3ZWVsOG02WFVNRkc1UzlOY2tlTWhV0gHWAUFVX3lxTE91RGxhMGlCRU9zQmpQSTNEaWM4UkpzZ1JfbmNpcnhhcTFwUjlCbF9hN2NxamxmYWtWYm5LaHNmb3VhdlVmaU04allQTnUzT3poOXI4MjJGVEhYR3RiMDZUOVQyTnBndWFVWElYSEc0NS14Smt5R0JWYWdfc2d2QXNSN2Rsc2xEWFpsMVBxSFNxTUhfSFNoVWlOZjdwZk1HV0xGZG04RDRPX3hYZEtzSUJ5X2RTYlhGWUZjbk9JeU5NSmlRZUE3akc3UURwZ1R0MXRDSDdGcmc?oc=5"" target=""_blank"">प्रयागराज में गंगा का उफान, वाराणसी में बाढ़ जैसे हालात; प्रशासन ने जारी किया अलर्ट</a>&nbsp;&nbsp;<font color=""#6f6f6f"">Hindustan</font>",Disaster,hi
"UP Weather: यूपी के कई जिलों में बहुत भारी बारिश का अलर्ट, 12 जिलों में अचानक आ सकती है बाढ़ - Hindustan",https://news.google.com/rss/articles/CBMi8wFBVV95cUxQT1FTOTlHSmZlY2ZpV1JBcTNoYXk4VXdLUTlqdjNWOUJfNWdqa214U0NsZEZiSXdJUWphdUY2dk9PeWNGbWx2NElESHliWW9wS2RFNmR4NGg1NHVJSUFQNWIzWmxlWXRyWWEyaW90NWhmcjB3eTctR2dleF91c0tfSlA5VFpQQ3pyUmdUOFlNSGNHRkFld29UNUhMbEdWejQ0U2s2ZUVNNTA1MFRHVVhHQTlKdDdGUmJ2dVppOEdpX0VVb215TXZMWm1WUW9sV04yUmNVRjZZNS1mMDZ4RTc1N0dPaHMxX2Nub2lqbmxSVEEtQlnSAfgBQVVfeXFMTVJYSXhqSG1mX2FKQkVLWklwYXhKOUhpckhwMVQ2VVBJaV9XSl9kSjUxOXRBWnZHb0FDXzdWYW5DaUdrN203a29ycHpwZFRzNHpLbWFSN0VGcEdvVG8xaWViZDktR0phZFp6aUlURHJGRDNOdVhiTFlENVVJWVdGRk5tVW0xcWNkQUpPNWtYcndmR0t0aUZqeE9aQXR4LVdhQTdmckJ0c1VwUU5TeWN5a3FEWnhkamdoa0lKc25oYzJTWkxnUUpOS0JDcWNRemVuVE9OeDhieWpxU2hpaXB3cmNPcFNpbV84QzZZSkd6OVBkM3pfMV9ha1Q?oc=5,2025-07-16 22:45:11,Hindustan,"<a href=""https://news.google.com/rss/articles/CBMi8wFBVV95cUxQT1FTOTlHSmZlY2ZpV1JBcTNoYXk4VXdLUTlqdjNWOUJfNWdqa214U0NsZEZiSXdJUWphdUY2dk9PeWNGbWx2NElESHliWW9wS2RFNmR4NGg1NHVJSUFQNWIzWmxlWXRyWWEyaW90NWhmcjB3eTctR2dleF91c0tfSlA5VFpQQ3pyUmdUOFlNSGNHRkFld29UNUhMbEdWejQ0U2s2ZUVNNTA1MFRHVVhHQTlKdDdGUmJ2dVppOEdpX0VVb215TXZMWm1WUW9sV04yUmNVRjZZNS1mMDZ4RTc1N0dPaHMxX2Nub2lqbmxSVEEtQlnSAfgBQVVfeXFMTVJYSXhqSG1mX2FKQkVLWklwYXhKOUhpckhwMVQ2VVBJaV9XSl9kSjUxOXRBWnZHb0FDXzdWYW5DaUdrN203a29ycHpwZFRzNHpLbWFSN0VGcEdvVG8xaWViZDktR0phZFp6aUlURHJGRDNOdVhiTFlENVVJWVdGRk5tVW0xcWNkQUpPNWtYcndmR0t0aUZqeE9aQXR4LVdhQTdmckJ0c1VwUU5TeWN5a3FEWnhkamdoa0lKc25oYzJTWkxnUUpOS0JDcWNRemVuVE9OeDhieWpxU2hpaXB3cmNPcFNpbV84QzZZSkd6OVBkM3pfMV9ha1Q?oc=5"" target=""_blank"">UP Weather: यूपी के कई जिलों में बहुत भारी बारिश का अलर्ट, 12 जिलों में अचानक आ सकती है बाढ़</a>&nbsp;&nbsp;<font color=""#6f6f6f"">Hindustan</font>",Disaster,hi
नसीरपुर गांव के मुख्य मार्ग पर जलभराव ने रोका आवागमन - Hindustan,https://news.google.com/rss/articles/CBMi8AFBVV95cUxPQjYxV3l3bjF5YkFCYUZld2c3X252eFNVRTFWMV9ZQjg3NGJJZW9URkRYSlZWSERib2tKVWVVV0k3V3RqNlREU2kxNElvMDVoc0hhWDgwZHNGSWpjSnd2WmJUUzQwYTMxbkp3dWlmZjZJcDh5ZFlCcThDdmdCd1JvOVNwQlA2Y0VOREhnRVB1c1FSRmQ4THliMmVDYThFejRTRFN1SWhsVTFHQTRPc2JkZGlFZURkNkZOQkZ2QnMtempCU3RlbHlQWFVOY3c1ODlUenN4NDFtVWZrQVd2U0pUbXh2X2tZODQ4WGxvcmJfV3LSAfABQVVfeXFMT0I2MVd5d24xeWJBQmFGZXdnN19udnhTVUUxVjFfWUI4NzRiSWVvVEZEWEpWVkhEYm9rSlVlVVdJN1d0ajZURFNpMTRJbzA1aHNIYVg4MGRzRklqY0p3dlpiVFM0MGEzMW5Kd3VpZmY2SXA4eWRZQnE4Q3ZnQndSbzlTcEJQNmNFTkRIZ0VQdXNRUkZkOEx5YjJlQ2E4RXo0U0RTdUlobFUxR0E0T3NiZGRpRWVEZDZGTkJGdkJzLXpqQlN0ZWx5UFhVTmN3NTg5VHpzeDQxbVVma0FXdlNKVG14dl9rWTg0OFhsb3JiX1dy?oc=5,2025-07-16 20:52:52,Hindustan,"<a href=""https://news.google.com/rss/articles/CBMi8AFBVV95cUxPQjYxV3l3bjF5YkFCYUZld2c3X252eFNVRTFWMV9ZQjg3NGJJZW9URkRYSlZWSERib2tKVWVVV0k3V3RqNlREU2kxNElvMDVoc0hhWDgwZHNGSWpjSnd2WmJUUzQwYTMxbkp3dWlmZjZJcDh5ZFlCcThDdmdCd1JvOVNwQlA2Y0VOREhnRVB1c1FSRmQ4THliMmVDYThFejRTRFN1SWhsVTFHQTRPc2JkZGlFZURkNkZOQkZ2QnMtempCU3RlbHlQWFVOY3c1ODlUenN4NDFtVWZrQVd2U0pUbXh2X2tZODQ4WGxvcmJfV3LSAfABQVVfeXFMT0I2MVd5d24xeWJBQmFGZXdnN19udnhTVUUxVjFfWUI4NzRiSWVvVEZEWEpWVkhEYm9rSlVlVVdJN1d0ajZURFNpMTRJbzA1aHNIYVg4MGRzRklqY0p3dlpiVFM0MGEzMW5Kd3VpZmY2SXA4eWRZQnE4Q3ZnQndSbzlTcEJQNmNFTkRIZ0VQdXNRUkZkOEx5YjJlQ2E4RXo0U0RTdUlobFUxR0E0T3NiZGRpRWVEZDZGTkJGdkJzLXpqQlN0ZWx5UFhVTmN3NTg5VHpzeDQxbVVma0FXdlNKVG14dl9rWTg0OFhsb3JiX1dy?oc=5"" target=""_blank"">नसीरपुर गांव के मुख्य मार्ग पर जलभराव ने रोका आवागमन</a>&nbsp;&nbsp;<font color=""#6f6f6f"">Hindustan</font>",Disaster,hi
"बारिश से सड़क लबालब, आवागमन में बाधा - Hindustan",https://news.google.com/rss/articles/CBMi6wFBVV95cUxNVE94azA5SDh6UXE4OUJEWGQtd1QzdUJ2ZmFUeU5HanRZUUpxekU3eTVaNmM1LUlDUjh1UldEVHYwVXFkMFNmUnFoSmlLS2gwaFg0UG93RGxvcUp0ekFWdDRVUS1lUm9Rb01qMHI0aWJUS2ZjcnFVZ1FFUGR1R0VfUWRUbERWY2tVZlUzSFN3NVNrM2pYd3lyVDRocW1zemloMGt6NEVzcVhUR2JWZDlJWGZ2NkplQ1d0cUlJanExUE9DNTFzQU9UVjNGdmJQRTdudXlhV2JmU2NpWmhSbl9jMEwyV1RXdmVxRFdr0gHrAUFVX3lxTE1UT3hrMDlIOHpRcTg5QkRYZC13VDN1QnZmYVR5TkdqdFlRSnF6RTd5NVo2YzUtSUNSOHVSV0RUdjBVcWQwU2ZScWhKaUtLaDBoWDRQb3dEbG9xSnR6QVZ0NFVRLWVSb1FvTWowcjRpYlRLZmNycVVnUUVQZHVHRV9RZFRsRFZja1VmVTNIU3c1U2szalh3eXJUNGhxbXN6aWgwa3o0RXNxWFRHYlZkOUlYZnY2SmVDV3RxSUlqcTFQT0M1MXNBT1RWM0Z2YlBFN251eWFXYmZTY2laaFJuX2MwTDJXVFd2ZXFEV2s?oc=5,2025-07-16 18:39:55,Hindustan,"<a href=""https://news.google.com/rss/articles/CBMi6wFBVV95cUxNVE94azA5SDh6UXE4OUJEWGQtd1QzdUJ2ZmFUeU5HanRZUUpxekU3eTVaNmM1LUlDUjh1UldEVHYwVXFkMFNmUnFoSmlLS2gwaFg0UG93RGxvcUp0ekFWdDRVUS1lUm9Rb01qMHI0aWJUS2ZjcnFVZ1FFUGR1R0VfUWRUbERWY2tVZlUzSFN3NVNrM2pYd3lyVDRocW1zemloMGt6NEVzcVhUR2JWZDlJWGZ2NkplQ1d0cUlJanExUE9DNTFzQU9UVjNGdmJQRTdudXlhV2JmU2NpWmhSbl9jMEwyV1RXdmVxRFdr0gHrAUFVX3lxTE1UT3hrMDlIOHpRcTg5QkRYZC13VDN1QnZmYVR5TkdqdFlRSnF6RTd5NVo2YzUtSUNSOHVSV0RUdjBVcWQwU2ZScWhKaUtLaDBoWDRQb3dEbG9xSnR6QVZ0NFVRLWVSb1FvTWowcjRpYlRLZmNycVVnUUVQZHVHRV9RZFRsRFZja1VmVTNIU3c1U2szalh3eXJUNGhxbXN6aWgwa3o0RXNxWFRHYlZkOUlYZnY2SmVDV3RxSUlqcTFQT0M1MXNBT1RWM0Z2YlBFN251eWFXYmZTY2laaFJuX2MwTDJXVFd2ZXFEV2s?oc=5"" target=""_blank"">बारिश से सड़क लबालब, आवागमन में बाधा</a>&nbsp;&nbsp;<font color=""#6f6f6f"">Hindustan</font>",Disaster,hi
"यूपी में तेज बारिश का ट्रिपल अलर्ट! 11 जिलों में ऑरेंज, 58 में बिजली गिरने का खतरा, जानें कैसा रहेगा लखनऊ का मौसम - Zee News",https://news.google.com/rss/articles/CBMinAJBVV95cUxOaEJyTHVBTk41RG1OVnoxdURLS1NFXzVzNERVdkUtRHlvb1pUQU9mSV82TmJxdVRvNkQyNElraGw3d2gwd1F2alkxYmdCckpKR0h0ZFJYQnZwdVlOaXdkN0l5dHo3UFBjTmJ2YUNBMWJ0aTlkdXhJUENmM1hXOVJnazBRWHllZHVyWG1ERl8yc0txU2J3U3RkM3g0MG1TVzhtME4yTkVqZHNwUkNjQV9aWkpET0s0Y0l4R0lIZDFyVWpQZjB4U05LWFRxSlRtN2IyS2xDek5aeTdhVk9pdFBFcmNWZTRFd19GN0t1eGl1dXdqNnFXTlBfTFUwcEJseURJSDNCb05QaXFfanJOcHRqVHp3aTRiR3hydmdaUA?oc=5,2025-07-16 21:14:06,Zee News,"<a href=""https://news.google.com/rss/articles/CBMinAJBVV95cUxOaEJyTHVBTk41RG1OVnoxdURLS1NFXzVzNERVdkUtRHlvb1pUQU9mSV82TmJxdVRvNkQyNElraGw3d2gwd1F2alkxYmdCckpKR0h0ZFJYQnZwdVlOaXdkN0l5dHo3UFBjTmJ2YUNBMWJ0aTlkdXhJUENmM1hXOVJnazBRWHllZHVyWG1ERl8yc0txU2J3U3RkM3g0MG1TVzhtME4yTkVqZHNwUkNjQV9aWkpET0s0Y0l4R0lIZDFyVWpQZjB4U05LWFRxSlRtN2IyS2xDek5aeTdhVk9pdFBFcmNWZTRFd19GN0t1eGl1dXdqNnFXTlBfTFUwcEJseURJSDNCb05QaXFfanJOcHRqVHp3aTRiR3hydmdaUA?oc=5"" target=""_blank"">यूपी में तेज बारिश का ट्रिपल अलर्ट! 11 जिलों में ऑरेंज, 58 में बिजली गिरने का खतरा, जानें कैसा रहेगा लखनऊ का मौसम</a>&nbsp;&nbsp;<font color=""#6f6f6f"">Zee News</font>",Disaster,hi
"Weather Update | Delhi NCR में आज बारिश बनेगी आफत, UP के 25 जिलों में अलर्ट | Monsoon | Flood | Rain - News18 Hindi",https://news.google.com/rss/articles/CBMi4wFBVV95cUxQcHhQY2xRVUdxc3htNVRuTG5JYUpQSktMYUk4TnFkSk51ejk4eHc1ODZBalc1OFNxc3N0X09KbjJONktGQTR2dFRTRjlZREo5aWY0SzNsb1ZtTG9TVzR0VjI4UFNYREtxQ184RHI2YkxOZUFYeUFQTUZEckd5QUZuR2EzYlFkU3dsekFScnptcnFCU2hScTRGV1J5NnRpYVFaQzc3VG5NVnZxX0xfTHU2VXRPMW1TQ0xfSUVPd1hWSWktWGhFV3VMVTNadV9zX0lXc0tvQlhwdFQ3c2YyVllvMVk2NNIB6AFBVV95cUxPNlpRU1VGMEVnNWlsZHZ0Z0RXeFVPOTgxSnVydDJ4SEJHN3ZQYllWc0hlanFva21kaHMwLXZoLUJJN1VLa0R4bWQ1Wi1LUDFkalRkQmtnb0hhcDRZRV9yTHUzOXhGZWd6TmRwVGJFVXZucmcwWkZQQ0J3RVRQSnM2Vzk1TUhETWZWbW5LTXNwQjYyVGFfQTJvMlBrWDhiS0dRY2F3NFpTWVpzUkItR2JMemtpOEIwRnFyRnRvdmp3OWRHMm41Q3I3NkJ5MEliNmRzMG4xZkdMMVZoRDd4SnZmVmU5V0p4ZUhp?oc=5,2025-07-16 14:26:42,News18 Hindi,"<a href=""https://news.google.com/rss/articles/CBMi4wFBVV95cUxQcHhQY2xRVUdxc3htNVRuTG5JYUpQSktMYUk4TnFkSk51ejk4eHc1ODZBalc1OFNxc3N0X09KbjJONktGQTR2dFRTRjlZREo5aWY0SzNsb1ZtTG9TVzR0VjI4UFNYREtxQ184RHI2YkxOZUFYeUFQTUZEckd5QUZuR2EzYlFkU3dsekFScnptcnFCU2hScTRGV1J5NnRpYVFaQzc3VG5NVnZxX0xfTHU2VXRPMW1TQ0xfSUVPd1hWSWktWGhFV3VMVTNadV9zX0lXc0tvQlhwdFQ3c2YyVllvMVk2NNIB6AFBVV95cUxPNlpRU1VGMEVnNWlsZHZ0Z0RXeFVPOTgxSnVydDJ4SEJHN3ZQYllWc0hlanFva21kaHMwLXZoLUJJN1VLa0R4bWQ1Wi1LUDFkalRkQmtnb0hhcDRZRV9yTHUzOXhGZWd6TmRwVGJFVXZucmcwWkZQQ0J3RVRQSnM2Vzk1TUhETWZWbW5LTXNwQjYyVGFfQTJvMlBrWDhiS0dRY2F3NFpTWVpzUkItR2JMemtpOEIwRnFyRnRvdmp3OWRHMm41Q3I3NkJ5MEliNmRzMG4xZkdMMVZoRDd4SnZmVmU5V0p4ZUhp?oc=5"" target=""_blank"">Weather Update | Delhi NCR में आज बारिश बनेगी आफत, UP के 25 जिलों में अलर्ट | Monsoon | Flood | Rain</a>&nbsp;&nbsp;<font color=""#6f6f6f"">News18 Hindi</font>",Disaster,hi
"कछारी इलाकों को राहत, घटने लगा गंगा-यमुना का जलस्तर - Hindustan",https://news.google.com/rss/articles/CBMi7gFBVV95cUxNUV9peTJPcDdfbWd4VWQxaFF4ZVdKN2UyNTNFM0FtanY3eDhfTVM0NkJsQnlBQU9NeVRtMU1iZldtRVI1d1R3eGFHa0hlWTc1OWFCaDdadXVNcnlzeWM2U0Jic0dtbWpnOWR3WmVlczk3djdLa3JJT0tING1GMElsa3lIMjVteG11dWthUTZzOEw3UndHbjFqaTRwWkF3b1VYVnREcWNic0V6QVFXdGt1YVcyaDZoSTZ6ZE16aU5sYm1IRV9SN3NmUjlfOFJ2NkRuV1liczFmOGdyNVVqd1NoYVFmRXdBMTlnejJsTm130gHuAUFVX3lxTE1RX2l5Mk9wN19tZ3hVZDFoUXhlV0o3ZTI1M0UzQW1qdjd4OF9NUzQ2QmxCeUFBT015VG0xTWJmV21FUjV3VHd4YUdrSGVZNzU5YUJoN1p1dU1yeXN5YzZTQmJzR21tamc5ZHdaZWVzOTd2N0trcklPS0g0bUYwSWxreUgyNW14bXV1a2FRNnM4TDdSd0duMWppNHBaQXdvVVhWdERxY2JzRXpBUVd0a3VhVzJoNmhJNnpkTXppTmxibUhFX1I3c2ZSOV84UnY2RG5XWWJzMWY4Z3I1VWp3U2hhUWZFd0ExOWd6MmxObXc?oc=5,2025-07-16 14:16:48,Hindustan,"<a href=""https://news.google.com/rss/articles/CBMi7gFBVV95cUxNUV9peTJPcDdfbWd4VWQxaFF4ZVdKN2UyNTNFM0FtanY3eDhfTVM0NkJsQnlBQU9NeVRtMU1iZldtRVI1d1R3eGFHa0hlWTc1OWFCaDdadXVNcnlzeWM2U0Jic0dtbWpnOWR3WmVlczk3djdLa3JJT0tING1GMElsa3lIMjVteG11dWthUTZzOEw3UndHbjFqaTRwWkF3b1VYVnREcWNic0V6QVFXdGt1YVcyaDZoSTZ6ZE16aU5sYm1IRV9SN3NmUjlfOFJ2NkRuV1liczFmOGdyNVVqd1NoYVFmRXdBMTlnejJsTm130gHuAUFVX3lxTE1RX2l5Mk9wN19tZ3hVZDFoUXhlV0o3ZTI1M0UzQW1qdjd4OF9NUzQ2QmxCeUFBT015VG0xTWJmV21FUjV3VHd4YUdrSGVZNzU5YUJoN1p1dU1yeXN5YzZTQmJzR21tamc5ZHdaZWVzOTd2N0trcklPS0g0bUYwSWxreUgyNW14bXV1a2FRNnM4TDdSd0duMWppNHBaQXdvVVhWdERxY2JzRXpBUVd0a3VhVzJoNmhJNnpkTXppTmxibUhFX1I3c2ZSOV84UnY2RG5XWWJzMWY4Z3I1VWp3U2hhUWZFd0ExOWd6MmxObXc?oc=5"" target=""_blank"">कछारी इलाकों को राहत, घटने लगा गंगा-यमुना का जलस्तर</a>&nbsp;&nbsp;<font color=""#6f6f6f"">Hindustan</font>",Disaster,hi
"Aaj ka Mausam 16 July 2025 LIVE: कहीं राहत तो कहीं आफत बना मानसून; झारखंड-राजस्थान में अलर्ट, बिहार में आई ऑरेंज चेतावनी - timesnowhindi.com",https://news.google.com/rss/articles/CBMi7wJBVV95cUxQbFZPWGlhXzc2Q1g1b2NIM3NKcGJyUW5DVGNJRWpBeHpnb28tRUVPWExPTmd2VGNtVHBUbUdqbEtidnpYVVdGTm1GLU9LUmJzOXdMdElKWTVDVlpWY2gzRXcwRkJSaGdPNDZ6ckZRMEl3a3c4S3pzaXBwNWhtSmVWXy1GNmtfTTJ1THZWdGNHdGRJaVpPRmdSN1lwUVcxWTlQaXdYZXlRQ1NETUFXUG04bWJhUGEtcGlleTJEUW1UNGR2Z29OM01vbTA4blFWRkYzV0llMHp0QVhyeU56eUpqLS1UMEFCSFJjc2d6TmtFYXJrUmRQNE1FOW42S0VpMkFVR1F4V3BDdUxBbElsNGllcVYwS19rX010M2UxVEtmMklUeG90Q2NZVTZFVVM5TlFUc1ljNkJWRDRaQTNWa3FSTFBRZll1eXh4TVpQSmhMZnpCTXVuSF9ubHVrUU9tVHU2WVIwemNqY1ZvNnFpZzRJ0gH0AkFVX3lxTE1LWEVjQVo1RG12QkdxMlFsMEhjbnQ2Si1uNkttN2RJZ3NyYmJUcS0tdkRqUnoxdDlSWUxyUWpjMVhEWWRIaWdXR1kxVGxUdlBXQ3BPQlYyTTRvNjJ5eHRtaVRlemNMSE1zUEdPY1RraVlfY0pVYzdOZXk1QmlQZ3AxQkw4NGxleDlYM0d6bl9IclFCOTU4ZHRoSWxjR0FTVE9uWmZJNVhSeWFBN2VVVkNOZGtjbmpRNUJqeG5xZE9GUTFUZ2E4RnZEYjF3LXRDaU1GU1Badm4wZkRoUTcyUkxsYS1kZ045QlhkUlhfbWhYSEFnbkxqbmhUZU91c0hXY0hiRDN0QndLbkdSLUYzOVV2UDB5cUNHT2d0R25Xc1VUa1NKYTJTNExISkZoQksyT202TTlLR1FCaTVwcmpSS19KUDBVanFNa2VySGRfZ2poNk5qVlRZdUJRTkZad1VwMXNwUTZlUTJtSTBwLWFnY1RfendQYg?oc=5,2025-07-16 15:04:09,timesnowhindi.com,"<a href=""https://news.google.com/rss/articles/CBMi7wJBVV95cUxQbFZPWGlhXzc2Q1g1b2NIM3NKcGJyUW5DVGNJRWpBeHpnb28tRUVPWExPTmd2VGNtVHBUbUdqbEtidnpYVVdGTm1GLU9LUmJzOXdMdElKWTVDVlpWY2gzRXcwRkJSaGdPNDZ6ckZRMEl3a3c4S3pzaXBwNWhtSmVWXy1GNmtfTTJ1THZWdGNHdGRJaVpPRmdSN1lwUVcxWTlQaXdYZXlRQ1NETUFXUG04bWJhUGEtcGlleTJEUW1UNGR2Z29OM01vbTA4blFWRkYzV0llMHp0QVhyeU56eUpqLS1UMEFCSFJjc2d6TmtFYXJrUmRQNE1FOW42S0VpMkFVR1F4V3BDdUxBbElsNGllcVYwS19rX010M2UxVEtmMklUeG90Q2NZVTZFVVM5TlFUc1ljNkJWRDRaQTNWa3FSTFBRZll1eXh4TVpQSmhMZnpCTXVuSF9ubHVrUU9tVHU2WVIwemNqY1ZvNnFpZzRJ0gH0AkFVX3lxTE1LWEVjQVo1RG12QkdxMlFsMEhjbnQ2Si1uNkttN2RJZ3NyYmJUcS0tdkRqUnoxdDlSWUxyUWpjMVhEWWRIaWdXR1kxVGxUdlBXQ3BPQlYyTTRvNjJ5eHRtaVRlemNMSE1zUEdPY1RraVlfY0pVYzdOZXk1QmlQZ3AxQkw4NGxleDlYM0d6bl9IclFCOTU4ZHRoSWxjR0FTVE9uWmZJNVhSeWFBN2VVVkNOZGtjbmpRNUJqeG5xZE9GUTFUZ2E4RnZEYjF3LXRDaU1GU1Badm4wZkRoUTcyUkxsYS1kZ045QlhkUlhfbWhYSEFnbkxqbmhUZU91c0hXY0hiRDN0QndLbkdSLUYzOVV2UDB5cUNHT2d0R25Xc1VUa1NKYTJTNExISkZoQksyT202TTlLR1FCaTVwcmpSS19KUDBVanFNa2VySGRfZ2poNk5qVlRZdUJRTkZad1VwMXNwUTZlUTJtSTBwLWFnY1RfendQYg?oc=5"" target=""_blank"">Aaj ka Mausam 16 July 2025 LIVE: कहीं राहत तो कहीं आफत बना मानसून; झारखंड-राजस्थान में अलर्ट, बिहार में आई ऑरेंज चेतावनी</a>&nbsp;&nbsp;<font color=""#6f6f6f"">timesnowhindi.com</font>",Disaster,hi
"Varanasi Flood: चार सेमी प्रति घंटे की गति से बढ़ाव, खतरे के निशान 2.6 मीटर नीचे बह रहीं गंगा - Jagran",https://news.google.com/rss/articles/CBMixgFBVV95cUxNQ05LRTdkb2c2dUhkc0dUYlFjZkQ5LU44elJWUk9PM2ZFNmdvOE9hZVpHa3E3VFdRVngxdVdXSF93MndsLWRxMVczWDNtOGxTYjZZZ3ZWbW5xYUU2NlZKX210cUZnTGFnbm1UYUxIemg0VV9IOE5qQzktS1h0ZUNQeDlrRmdlTG9CeTlfbWZQdU5nblIwMVk4OWwtTHdVVGhNMFppN2lNTElXcXB3N2x6LVBTUjF0ZlRKRUJsU1F0SDVsU3lZSHc?oc=5,2025-07-16 11:27:00,Jagran,"<a href=""https://news.google.com/rss/articles/CBMixgFBVV95cUxNQ05LRTdkb2c2dUhkc0dUYlFjZkQ5LU44elJWUk9PM2ZFNmdvOE9hZVpHa3E3VFdRVngxdVdXSF93MndsLWRxMVczWDNtOGxTYjZZZ3ZWbW5xYUU2NlZKX210cUZnTGFnbm1UYUxIemg0VV9IOE5qQzktS1h0ZUNQeDlrRmdlTG9CeTlfbWZQdU5nblIwMVk4OWwtTHdVVGhNMFppN2lNTElXcXB3N2x6LVBTUjF0ZlRKRUJsU1F0SDVsU3lZSHc?oc=5"" target=""_blank"">Varanasi Flood: चार सेमी प्रति घंटे की गति से बढ़ाव, खतरे के निशान 2.6 मीटर नीचे बह रहीं गंगा</a>&nbsp;&nbsp;<font color=""#6f6f6f"">Jagran</font>",Disaster,hi
"UP: कपड़ों पर सुसाइड नोट लिखकर युवक ने दी जान, ससुर- साले और दो पुलिसकर्मियों पर लगाए प्रताड़ित करने के आरोप - आज तक",https://news.google.com/rss/articles/CBMi7gFBVV95cUxPRHFOYkVmamdDa2c2LXplT1M2YkhTbWxTVDBzVW9RalFCTEFiLTJCYmNCZkRlNFkyTHI0N2pVWkVuaGJocUVHSXNDZ1hlblNIUVV6WVdvRGU0YlhnYVo1eGQwLW9tX1FTX0FnWGJjV2FyZlFSSlU3Zl9rTFpsQ3haOG11XzhiN0o1NzF0TFRNNi1Wd2p3R1l0UHJEcFE3NkhXZWRtRHVFMG9Xd0VtRTVzU25xSW5qMXRFNjdhOXNnaG1xQmR6bThqUGFySlVwTjdYN2lUQTZNeWgzSHFtR0N2VVQ1b19YN08xdG95aUp30gHuAUFVX3lxTE9EcU5iRWZqZ0NrZzYtemVPUzZiSFNtbFNUMHNVb1FqUUJMQWItMkJiY0JmRGU0WTJMcjQ3alVaRW5oYmhxRUdJc0NnWGVuU0hRVXpZV29EZTRiWGdhWjV4ZDAtb21fUVNfQWdYYmNXYXJmUVJKVTdmX2tMWmxDeFo4bXVfOGI3SjU3MXRMVE02LVZ3andHWXRQckRwUTc2SFdlZG1EdUUwb1d3RW1FNXNTbnFJbmoxdEU2N2E5c2dobXFCZHptOGpQYXJKVXBON1g3aVRBNk15aDNIcW1HQ3ZVVDVvX1g3TzF0b3lpSnc?oc=5,2025-07-16 15:44:20,आज तक,"<a href=""https://news.google.com/rss/articles/CBMi7gFBVV95cUxPRHFOYkVmamdDa2c2LXplT1M2YkhTbWxTVDBzVW9RalFCTEFiLTJCYmNCZkRlNFkyTHI0N2pVWkVuaGJocUVHSXNDZ1hlblNIUVV6WVdvRGU0YlhnYVo1eGQwLW9tX1FTX0FnWGJjV2FyZlFSSlU3Zl9rTFpsQ3haOG11XzhiN0o1NzF0TFRNNi1Wd2p3R1l0UHJEcFE3NkhXZWRtRHVFMG9Xd0VtRTVzU25xSW5qMXRFNjdhOXNnaG1xQmR6bThqUGFySlVwTjdYN2lUQTZNeWgzSHFtR0N2VVQ1b19YN08xdG95aUp30gHuAUFVX3lxTE9EcU5iRWZqZ0NrZzYtemVPUzZiSFNtbFNUMHNVb1FqUUJMQWItMkJiY0JmRGU0WTJMcjQ3alVaRW5oYmhxRUdJc0NnWGVuU0hRVXpZV29EZTRiWGdhWjV4ZDAtb21fUVNfQWdYYmNXYXJmUVJKVTdmX2tMWmxDeFo4bXVfOGI3SjU3MXRMVE02LVZ3andHWXRQckRwUTc2SFdlZG1EdUUwb1d3RW1FNXNTbnFJbmoxdEU2N2E5c2dobXFCZHptOGpQYXJKVXBON1g3aVRBNk15aDNIcW1HQ3ZVVDVvX1g3TzF0b3lpSnc?oc=5"" target=""_blank"">UP: कपड़ों पर सुसाइड नोट लिखकर युवक ने दी जान, ससुर- साले और दो पुलिसकर्मियों पर लगाए प्रताड़ित करने के आरोप</a>&nbsp;&nbsp;<font color=""#6f6f6f"">आज तक</font>",Disaster,hi
Weather Today:उत्तर भारत में मूसलाधार बारिश का कहर.. दिल्ली-NCR समेत कई राज्यों में IMD का अलर्ट - Prime Tv India,https://news.google.com/rss/articles/CBMiygFBVV95cUxNajZSR2RfUENuUWtFUTlyZUQ2c0RVWVNfcGlZNXdTd2I1NUhCRmd4eFkyX0pGRGRQWlB0TUV2Y2dpRllCODg1aGFYeHBEcHFGZkV4N1J0MFZxOEFBQnVieFFPUENTTDBQdWNZNTIwSHl6WVVHVEx0OG5ZMWlDR3Rtb1pvRE5tZFBqZUJwbUpXQi1TTjJLaWdTb1dlMEVTWUpaUW15NE5tc1lzNy1KcnNXaFk3V3RXMll0RUdQREdGQXFYdVo5NjdfQjVR?oc=5,2025-07-17 07:49:50,Prime Tv India,"<a href=""https://news.google.com/rss/articles/CBMiygFBVV95cUxNajZSR2RfUENuUWtFUTlyZUQ2c0RVWVNfcGlZNXdTd2I1NUhCRmd4eFkyX0pGRGRQWlB0TUV2Y2dpRllCODg1aGFYeHBEcHFGZkV4N1J0MFZxOEFBQnVieFFPUENTTDBQdWNZNTIwSHl6WVVHVEx0OG5ZMWlDR3Rtb1pvRE5tZFBqZUJwbUpXQi1TTjJLaWdTb1dlMEVTWUpaUW15NE5tc1lzNy1KcnNXaFk3V3RXMll0RUdQREdGQXFYdVo5NjdfQjVR?oc=5"" target=""_blank"">Weather Today:उत्तर भारत में मूसलाधार बारिश का कहर.. दिल्ली-NCR समेत कई राज्यों में IMD का अलर्ट</a>&nbsp;&nbsp;<font color=""#6f6f6f"">Prime Tv India</font>",Disaster,hi
"Andhra, Telangana Weather Forecast: Low Pressure To Bring Heavy Rain From Today - News18",https://news.google.com/rss/articles/CBMi1wFBVV95cUxNeUhUQ3I3bU12MDhIOGtSTG9hRHpvc0RjNFF1b0pycTRHejBWMDNYajVzM2tZc1FxRTdEN3IwV1VaOUtTRWx3MTE5Z0RrLXJ4ZG1xdC1waVZOVTNXOVk4aGlwUEtwRjJZbXdPRnVOVDFsS2U5TnhaTkthc0llX2o2VG1KSjNySm9qclR0YnpLNWR0WDhYZTRUZm9ZdEhqaDdMVGtILUptMzVSNFhmU3ltTkRjRUtlUmZOaVQ1MUQ1eVRzVjN4WWtXZTJ3bFczc1VyeGJtYU1CONIB3AFBVV95cUxOcXhiVUxFQU1GOFRleUJtakpHQmU0b3ctejNRSEVzWE1GOXJremVDTnRwblE3QTdlQ2tBUjhPYm16RW1xMjVTUnlvWGVEY2ZvN2pkZW51MzhoQ1U3VDBkdlo5TlpQVzRLV01SbjA3dGN6UHJHMld6akU3UTZlS2RVa3JrMVhqUUpRd2VCcm42bXBwYVl3S0pFSG94TEFmd3JwTUoxZDBLdXE2anp3RlRra3JnaHQ1VVJCSWVzMTRwaTZzMlpHT252a3psZ1FJTW1ZTWVURERSblFjR25S?oc=5,2025-07-17 09:05:55,News18,"<a href=""https://news.google.com/rss/articles/CBMi1wFBVV95cUxNeUhUQ3I3bU12MDhIOGtSTG9hRHpvc0RjNFF1b0pycTRHejBWMDNYajVzM2tZc1FxRTdEN3IwV1VaOUtTRWx3MTE5Z0RrLXJ4ZG1xdC1waVZOVTNXOVk4aGlwUEtwRjJZbXdPRnVOVDFsS2U5TnhaTkthc0llX2o2VG1KSjNySm9qclR0YnpLNWR0WDhYZTRUZm9ZdEhqaDdMVGtILUptMzVSNFhmU3ltTkRjRUtlUmZOaVQ1MUQ1eVRzVjN4WWtXZTJ3bFczc1VyeGJtYU1CONIB3AFBVV95cUxOcXhiVUxFQU1GOFRleUJtakpHQmU0b3ctejNRSEVzWE1GOXJremVDTnRwblE3QTdlQ2tBUjhPYm16RW1xMjVTUnlvWGVEY2ZvN2pkZW51MzhoQ1U3VDBkdlo5TlpQVzRLV01SbjA3dGN6UHJHMld6akU3UTZlS2RVa3JrMVhqUUpRd2VCcm42bXBwYVl3S0pFSG94TEFmd3JwTUoxZDBLdXE2anp3RlRra3JnaHQ1VVJCSWVzMTRwaTZzMlpHT252a3psZ1FJTW1ZTWVURERSblFjR25S?oc=5"" target=""_blank"">Andhra, Telangana Weather Forecast: Low Pressure To Bring Heavy Rain From Today</a>&nbsp;&nbsp;<font color=""#6f6f6f"">News18</font>",Disaster,en
5 flights diverted in Delhi due to bad weather: JEE student drowned in waterfall while taking selfie in Raj... - Bhaskar English,https://news.google.com/rss/articles/CBMiwAFBVV95cUxPV3FadnBuaVliSldMelpqN2JYTTZXa0owV04tTEV5WE9QajFrZkQxUjV2U09NSEJMNEdTLWxob1VYOUVjaUIyXzd4NmRjc0Z5dkgxeGtSYlkyUVRQNF9FMWZZLWtERUNRR3R0ZkhpZmp2ajVPaURKWlgtMW9hLTllLWZCaW40Sng0d29QQVJKY2k4WmVfVkE1M2FwV0dCbDhXbGF4ejJUVU56aHZtVU50MHFzOThHY1IyNTJtRDVoQm7SAcYBQVVfeXFMUHkzUkVBcGpobWwwWXE1MmFMU1J0M0ExY3I2dFh5Y01xT1hsWnpKUlgwSGpCT2ZPRTF4THBoS3FGTDNmN1JYdGhRU3lkSEJyR2d5RV9lT1dTR0xwZkk5c1RCMUp4dDBnMVhNQm55RVdLZGlCc3ZPRHpaY01jeWMyRXpZTVExYnhLM2pvaGdqSWF4VHNDOGZwWUd4NzR0UHIyR2dqLTNmLUliS19zazVoaHhFcWZmN3RNbVV4R1JBNE1QWGxvcW5R?oc=5,2025-07-16 19:28:29,Bhaskar English,"<a href=""https://news.google.com/rss/articles/CBMiwAFBVV95cUxPV3FadnBuaVliSldMelpqN2JYTTZXa0owV04tTEV5WE9QajFrZkQxUjV2U09NSEJMNEdTLWxob1VYOUVjaUIyXzd4NmRjc0Z5dkgxeGtSYlkyUVRQNF9FMWZZLWtERUNRR3R0ZkhpZmp2ajVPaURKWlgtMW9hLTllLWZCaW40Sng0d29QQVJKY2k4WmVfVkE1M2FwV0dCbDhXbGF4ejJUVU56aHZtVU50MHFzOThHY1IyNTJtRDVoQm7SAcYBQVVfeXFMUHkzUkVBcGpobWwwWXE1MmFMU1J0M0ExY3I2dFh5Y01xT1hsWnpKUlgwSGpCT2ZPRTF4THBoS3FGTDNmN1JYdGhRU3lkSEJyR2d5RV9lT1dTR0xwZkk5c1RCMUp4dDBnMVhNQm55RVdLZGlCc3ZPRHpaY01jeWMyRXpZTVExYnhLM2pvaGdqSWF4VHNDOGZwWUd4NzR0UHIyR2dqLTNmLUliS19zazVoaHhFcWZmN3RNbVV4R1JBNE1QWGxvcW5R?oc=5"" target=""_blank"">5 flights diverted in Delhi due to bad weather: JEE student drowned in waterfall while taking selfie in Raj...</a>&nbsp;&nbsp;<font color=""#6f6f6f"">Bhaskar English</font>",Disaster,en
"Kerala Weather Update: IMD issues Orange Alert for THESE districts, predicts heavy rains in Karnataka, Bihar and…, Delhi to witness… - MSN",https://news.google.com/rss/articles/CBMihgJBVV95cUxPNFk5cExxTlpCZDBuaTgzb1NlY0lBR1I2Tk85LVBHM2R6NXBFR09MUlB2WWgwdnVnSGRvYkM1UUxNNVZTajFTM1pLYkxYVXBtSGx6QmxwRVk1ZnY0Mm1CdE9LbGcwTDNlSnF5TmlPOEswNFRUS05OeWpkUE5ySTBxdzlZWXUtX0FGYUoyMzU3U1o3VHJUNTNvbl8wNUpJaU03TDNUQ1VBdDhXYXN2ZlA4Y2VCSU9yQlhmV0IwaXFVQUd1dkR1OXJvQ2RJZGl0dnhONW9JTWpoTDlacDEya3MwS3RXLUdQeVNzdUZyV3kta054cHR1QUNtTlpQbGpiRTRPOXBnak5R?oc=5,2025-07-16 14:37:20,MSN,"<a href=""https://news.google.com/rss/articles/CBMihgJBVV95cUxPNFk5cExxTlpCZDBuaTgzb1NlY0lBR1I2Tk85LVBHM2R6NXBFR09MUlB2WWgwdnVnSGRvYkM1UUxNNVZTajFTM1pLYkxYVXBtSGx6QmxwRVk1ZnY0Mm1CdE9LbGcwTDNlSnF5TmlPOEswNFRUS05OeWpkUE5ySTBxdzlZWXUtX0FGYUoyMzU3U1o3VHJUNTNvbl8wNUpJaU03TDNUQ1VBdDhXYXN2ZlA4Y2VCSU9yQlhmV0IwaXFVQUd1dkR1OXJvQ2RJZGl0dnhONW9JTWpoTDlacDEya3MwS3RXLUdQeVNzdUZyV3kta054cHR1QUNtTlpQbGpiRTRPOXBnak5R?oc=5"" target=""_blank"">Kerala Weather Update: IMD issues Orange Alert for THESE districts, predicts heavy rains in Karnataka, Bihar and…, Delhi to witness…</a>&nbsp;&nbsp;<font color=""#6f6f6f"">MSN</font>",Disaster,en
"IMD Issues Heavy Rainfall Alert for 15 States, Including Uttar Pradesh and Bihar - Patrika News",https://news.google.com/rss/articles/CBMiyAFBVV95cUxOSUN4bXFCQ3dIdlJhMjNxNXY3LUl5Y2F5V21JeklDWTdFZjE5Z0JQcXcyOW9rWmxIWUdMaWV2cFI4LVRRNWRzN25KbV9kZzYwNDlPdGswUE93ZGR0X3RfeFJmb1l1Ui1WV3ZaUUJlWmpySm1WQTB2MER5YnJYem1NdjJVaGU4Z0pFVzRQT195bExQY0F5T2xnaDFpYUQ4THNfNFlPSzlXSjlnbVE1YTNKZzgwREVPSXFQak5WZEQ5ODNBNHF2VjgtaA?oc=5,2025-07-17 09:02:58,Patrika News,"<a href=""https://news.google.com/rss/articles/CBMiyAFBVV95cUxOSUN4bXFCQ3dIdlJhMjNxNXY3LUl5Y2F5V21JeklDWTdFZjE5Z0JQcXcyOW9rWmxIWUdMaWV2cFI4LVRRNWRzN25KbV9kZzYwNDlPdGswUE93ZGR0X3RfeFJmb1l1Ui1WV3ZaUUJlWmpySm1WQTB2MER5YnJYem1NdjJVaGU4Z0pFVzRQT195bExQY0F5T2xnaDFpYUQ4THNfNFlPSzlXSjlnbVE1YTNKZzgwREVPSXFQak5WZEQ5ODNBNHF2VjgtaA?oc=5"" target=""_blank"">IMD Issues Heavy Rainfall Alert for 15 States, Including Uttar Pradesh and Bihar</a>&nbsp;&nbsp;<font color=""#6f6f6f"">Patrika News</font>",Disaster,en
"India News: Torrential Rains, Deadly Floods, Landslides, and Social Media Mystery Shake the Nation - MSN",https://news.google.com/rss/articles/CBMinAJBVV95cUxNYkZrQi1rOW9ndXREZWJrd0xmTEt5NTZweEhiT2EtR09janNxcHh0cDZ4WFppZndLcnRaSGxULVREeWhWNkVzeXdhS3dROXIyQXN0TDBoYmdUUF8wRDY4UnBLUXZWejRGUG1wREY3akZobVpuUlVtT0tKNGVFN2NWNUpKLURlM05iZEc1a1ZtUnViT3BsaVVwRFE2SXNib09nUW5mandGTVZ2dC1mQW5MRGFoMlRRSk1NVTR1d1dqZVJvc1habF9lSjZCMERWd1JJSkcwdGJubWZoMnVSSm1KcUh2aHRUOEU3cFJTaEd5RUFIU21XMkFTRUFEeWNFTktYT0pzYlpQSllLNkI2bTVta1M2ekt2cWZsWEstWQ?oc=5,2025-07-16 12:04:47,MSN,"<a href=""https://news.google.com/rss/articles/CBMinAJBVV95cUxNYkZrQi1rOW9ndXREZWJrd0xmTEt5NTZweEhiT2EtR09janNxcHh0cDZ4WFppZndLcnRaSGxULVREeWhWNkVzeXdhS3dROXIyQXN0TDBoYmdUUF8wRDY4UnBLUXZWejRGUG1wREY3akZobVpuUlVtT0tKNGVFN2NWNUpKLURlM05iZEc1a1ZtUnViT3BsaVVwRFE2SXNib09nUW5mandGTVZ2dC1mQW5MRGFoMlRRSk1NVTR1d1dqZVJvc1habF9lSjZCMERWd1JJSkcwdGJubWZoMnVSSm1KcUh2aHRUOEU3cFJTaEd5RUFIU21XMkFTRUFEeWNFTktYT0pzYlpQSllLNkI2bTVta1M2ekt2cWZsWEstWQ?oc=5"" target=""_blank"">India News: Torrential Rains, Deadly Floods, Landslides, and Social Media Mystery Shake the Nation</a>&nbsp;&nbsp;<font color=""#6f6f6f"">MSN</font>",Disaster,en
Ghaziabad Schools Closed 17-23 July Due to Kanwar Yatra - Patrika News,https://news.google.com/rss/articles/CBMiqgFBVV95cUxORUpialR5TUwwOTlocTgzVFVZWUJMcWFkTU5yX2h2OEFqSWJBcmVEMTkwQjJIcm1XTFpmRWNSd0RyREdxc2FEdEpPSDZPYUJqMDVDVnFiMDlTNndhTHFtZDhKcENwc2pYS3JlNFI0ZlZrY002OHM5cHVGU3d3VFc2NFJNamRlRWtBVmxfeEVEeEZyaVY4N2JIcW9CVVJraTM4M0xqQms0UUtuQQ?oc=5,2025-07-16 14:00:45,Patrika News,"<a href=""https://news.google.com/rss/articles/CBMiqgFBVV95cUxORUpialR5TUwwOTlocTgzVFVZWUJMcWFkTU5yX2h2OEFqSWJBcmVEMTkwQjJIcm1XTFpmRWNSd0RyREdxc2FEdEpPSDZPYUJqMDVDVnFiMDlTNndhTHFtZDhKcENwc2pYS3JlNFI0ZlZrY002OHM5cHVGU3d3VFc2NFJNamRlRWtBVmxfeEVEeEZyaVY4N2JIcW9CVVJraTM4M0xqQms0UUtuQQ?oc=5"" target=""_blank"">Ghaziabad Schools Closed 17-23 July Due to Kanwar Yatra</a>&nbsp;&nbsp;<font color=""#6f6f6f"">Patrika News</font>",Disaster,en
